7
11
00000000001
00000000010
00000000000
00000000000
00000000000
00000000000
00000000000
00000000000
00000000000
10000000000
01000000000
100
0111111111111111111100000000000000000000000000000000000000000000000000000000000000000000000000000000
0011111111111111111100000000000000000000000000000000000000000000000000000000000000000000000000000000
0001111111111111111100000000000000000000000000000000000000000000000000000000000000000000000000000000
0000111111111111111100000000000000000000000000000000000000000000000000000000000000000000000000000000
0000011111111111111100000000000000000000000000000000000000000000000000000000000000000000000000000000
0000001111111111111100000000000000000000000000000000000000000000000000000000000000000000001000000000
0000000111111111111100000000000000000000000000000000000000000000000000000000000000000000000100000000
0000000011111111111100000000000000000000000000000000000000000000000000000000000000000000000010000000
0000000001111111111100000000000000000000000000000000000000000000000000000000000000000000000001000000
0000000000111111111100000000000000000000000000000000000000000000000000000000000000000000000000100000
0000000000011111111100000000000000000000000000000000000000000000000000000000000000000000000000010000
0000000000001111111100000000000000000000000000000000000000000000000000000000000000000000000000001000
0000000000000111111100000000000000000000000000000000000000000000000000000000000000000000000000000100
0000000000000011111100000000000000000000000000000000000000000000000000000000000000000000000000000010
0000000000000001111100000000000000000000000000000000000000000000000000000000000000000000000000000001
0000000000000000111100000000000000000000000000000000000000000000000000000000000000000000000000000000
0000000000000000011100000000000000000000000000000000000000000000000000000000000000000000000000000000
0000000000000000001100000000000000000000000000000000000000000000000000000000000000000000000000000000
0000000000000000000000000000000000000000000000000000000000000000000000000000000000000000000000000000
1000000000000000000000000000000000000000000000000000000000000000000000000000000000000000000000000000
0000000000000000000000000000000000000000000000000000000000000000000000000000000000000000000000000000
0000000000000000000000000000000000000000000000000000000000000000000000000000000000000000000000000000
0000000000000000000000000000000000000000000000000000000000000000000000000000000000000000000000000000
0000000000000000000000000000000000000000000000000000000000000000000000000000000000000000000000000000
0000000000000000000000000000000000000000000000000000000000000000000000000000000000000000000000000000
0000000000000000000000000000000000000000000000000000000000000000000000000000000000000000000000000000
0000000000000000000000000000000000000000000000000000000000000000000000000000000000000000000000000000
0000000000000000000000000000000000000000000000000000000000000000000000000000000000000000000000000000
0000000000000000000000000000000000000000000000000000000000000000000000000000000000000000000000000000
0000000000000000000000000000000000000000000000000000000000000000000000000000000000000000000000000000
0000000000000000000000000000000111111111111111111100000000000000000000000000000000000000000000000000
0000000000000000000000000000000011111111111111111100000000000000000000000000000000000000000000000000
0000000000000000000000000000000001111111111111111100000000000000000000000000000000000000000000000000
0000000000000000000000000000000000111111111111111100000000000000000000000000000000000000000000000000
0000000000000000000000000000000000011111111111111100000000000000000000000000000000000000000000000000
0000000000000000000000000000000000001111111111111100000000000000000000000000000000000000000000000000
0000000000000000000000000000000000000111111111111100000000000000000000000000000000000000000000000000
0000000000000000000000000000000000000011111111111100000000000000000000000000000000000000000000000000
0000000000000000000000000000000000000001111111111100000000000000000000000000000000000000000000000000
0000000000000000000000000000000000000000111111111100000000000000000000000000000000000000000000000000
0000000000000000000000000000000000000000011111111100000000000000000000000000000000000000000000000000
0000000000000000000000000000000000000000001111111100000000000000000000000000000000000000000000000000
0000000000000000000000000000000000000000000111111100000000000000000000000000000000000000000000000000
0000000000000000000000000000000000000000000011111100000000000000000000000000000000000000000000000000
0000000000000000000000000000000000000000000001111100000000000000000000000000000000000000000000000000
0000000000000000000000000000000000000000000000111100000000000000000000000000000000000000000000000000
0000000000000000000000000000000000000000000000011100000000000000000000000000000000000000000000000000
0000000000000000000000000000000000000000000000001100000000000000000000000000000000000000000000000000
0000000000000000000000000000000000000000000000000000000000000000000000000000000000000000000000000000
0000000000000000000000000000000000000000000000000000000000000000000000000000000000000000000000000000
0000000000000000000000000000000000000000000000000000000000000000000000000000000010000000000000000000
0000000000000000000000000000000000000000000000000000000000000000000000000000000001000000000000000000
0000000000000000000000000000000000000000000000000000000000000000000000000000000000100000000000000000
0000000000000000000000000000000000000000000000000000000000000000000000000000000000010000000000000000
0000000000000000000000000000000000000000000000000000000000000000000000000000000000001000000000000000
0000000000000000000000000000000000000000000000000000000000000000000000000000000000000100000000000000
0000000000000000000000000000000000000000000000000000000000000000000000000000000000000010000000000000
0000000000000000000000000000000000000000000000000000000000000000000000000000000000000001000000000000
0000000000000000000000000000000000000000000000000000000000000000000000000000000000000000100000000000
0000000000000000000000000000000000000000000000000000000000000000000000000000000000000000010000000000
0000000000000000000000000000000000000000000000000000000000000100000000000000000000000000000000000000
0000000000000000000000000000000000000000000000000000000000000010000000000000000000000000000000000000
0000000000000000000000000000000000000000000000000000000000000001000000000000000000000000000000000000
0000000000000000000000000000000000000000000000000000000000000000100000000000000000000000000000000000
0000000000000000000000000000000000000000000000000000000000000000010000000000000000000000000000000000
0000000000000000000000000000000000000000000000000000000000000000001000000000000000000000000000000000
0000000000000000000000000000000000000000000000000000000000000000000100000000000000000000000000000000
0000000000000000000000000000000000000000000000000000000000000000000010000000000000000000000000000000
0000000000000000000000000000000000000000000000000000000000000000000001000000000000000000000000000000
0000000000000000000000000000000000000000000000000000000000000000000000100000000000000000000000000000
0000000000000000000000000000000000000000000000000000000111111111111111111111111111111100000000000000
0000000000000000000000000000000000000000000000000000000011111111111111111111111111111110000000000000
0000000000000000000000000000000000000000000000000000000001111111111111111111111111111111000000000000
0000000000000000000000000000000000000000000000000000000000111111111111111111111111111111100000000000
0000000000000000000000000000000000000000000000000000000000011111111111111111111111111111110000000000
0000000000000000000000000000000000000000000000000000000000001111111111111111111111111111111000000000
0000000000000000000000000000000000000000000000000000000000000111111111111111111111111111111100000000
0000000000000000000000000000000000000000000000000000000000000011111111111111111111111111111110000000
0000000000000000000000000000000000000000000000000000000000000001111111111111111111111111111111000000
0000000000000000000000000000000000000000000000000000000000001000111111111111111111111111111111100000
0000000000000000000000000000000000000000000000000000000000000000011111111111111111111111111111110000
0000000000000000000000000000000000000000000000000000000000000000001111111111111111111111111111111000
0000000000000000000000000000000000000000000000000000000000000000000111111111111111111111111111111100
0000000000000000000000000000000000000000000000000000000000000000000011111111111111111111111111111110
0000000000000000000000000000000000000000000000000000000000000000000001111111111111111111111111111111
0000000000000000000000000000000000000000000000000000000000000000000000000000000000000000000000000000
0000000000000000000000000000000000000000000000000000000000000000000000000000000000000000000000000000
0000000000000000000000000000000000000000000000000000000000000000000000000000000000000000000000000000
0000000000000000000000000000000000000000000000000000000000000000000000000000000000000000000000000000
0000000000000000000000000000000000000000000000000000000000000000000000000000000000000000000000000000
0000000000000000000000000000000000000000000000000000000000000000000000000000000000000000000000000000
0000000000000000000000000000000000000000000000000000000000000000000000000000000000000000000000000000
0000000000000000000000000000000000000000000000000000000000000000000000000000000000000000000000000000
0000000000000000000000000000000000000000000000000000000000000000000000000000000000000000000000000000
0000000000000000000000000000000000000000000000000000000000000000000000000000000000000000000000000000
0000000000000000000000000000000000000000000000000000000000000000000000000000000000000000000000000000
0000000000000000000000000000000000000000000000000000000000000000000000000000000000000000000000000000
0000000000000000000000000000000000000000000000000000000000000000000000000000000000000000000000000000
0000000000000000000000000000000000000000000000000000000000000000000000000000000000000000000000000000
0000000000000000000000000000000000000000000000000000000000000000000000000000000000000000000000000000
6
011001
000000
110111
110010
100100
010010
50
00100000000000000000000000000000000000000000000000
10010000000000000000000000000000000000000000000000
01011000000000000000000000000000000000000000000000
00000100000000000000000000000000000000000000000000
00010000000000000000000000000000000000000000000000
00010000000000000000000000000000000000000000000000
00010001000100000000000000000000000000000000000000
00000010100000000000000000000000000000000000000000
00000000000000000000000000000000000000000000000000
00000000100000000000000000000000000000000000000000
00000000010000000000000000000000000000000000000000
00000000000000000000000000000000000000000000000000
00000000000000000001000000000000000000000000000000
00000000000000000000000000000000000000000000000000
00000000000010010000000000000000000000000000000000
00000000000000000100000000000000000000000000000000
00000000000000000000000000000000000000000000000000
00000000000000100000000000000000000000000000000000
00000000000000000001000000000000000000000000000000
00000000000000000000000000000000000000000000000000
00000000000000000000000100000000000000000000000000
00000000000000000000000000000000000000000000000000
00000000000000000000000000000000000000000000000000
00000000000000000000000000010000000000000000000000
00000000000000000000000000000000000000000000000000
00000000000000000000000000000000000000000000000000
00000000000000000000000000000000000000000000000000
00000000000000000000000000000001000000000000000000
00000000000000000000000000000000000000000000000000
00000000000000000000000000000000000000000000000000
00000000000000000000000000000000000000000000000000
00000000000000000000000000000000000100000000000000
00000000000000000000000000000000000000000000000000
00000000000000000000000000000000000000000000000000
00000000000000000000000000000000000000000000000000
00000000000000000000000000000000000001000000000000
00000000000000000000000000000000000000000000000000
00000000000000000000000000000000000000010000000000
00000000000000000000000000000000000000000000000000
00000000000000000000000000000000000000000100000000
00000000000000000000000000000000000000000000000000
00000000000000000000000000000000000000000000000000
00000000000000000000000000000000000000000000000000
00000000000000000000000000000000000000000000000000
00000000000000000000000000000000000000000001000000
00000000000000000000000000000000000000000000100000
00000000000000000000000000000000000000000000010000
00000000000000000000000000000000000000000000001000
00000000000000000000000000000000000000000000000100
00000000000000000000000000000000000000000000000010
20
00100000000000000000
10010000000000000000
01011000000000000000
00000100000000000000
00010000000000000000
00010000000000000000
00010001000100000000
00000010100000000000
00000000000000000000
00000000100000000000
00000000010000000000
00000000000000000000
00000000000000000001
00000000000000000000
00000000000010010000
00000000000000000100
00000000000000000000
00000000000000100000
00000000000000000001
00000000000000000000
8
00010010
00100000
00010000
01000000
00010000
00001000
00000001
10000000
12
001000000000
100100000000
010110000000
000001000000
000100000000
000100000000
000100010001
000000101000
000000000000
000000001000
000000000100
000000000000

